0
111
101
101
101
111

1
110
010
010
010
111

2
111
001
111
100
111

3
111
001
011
001
111

4
101
101
111
001
001

5
111
100
111
001
111

6
111
100
111
101
111

7
111
101
001
001
001

8
111
101
111
101
111

9
111
101
111
001
001

:
000
010
000
010
000

.
000
000
000
000
010

+
000
010
111
010
000

-
000
000
111
000
000

/
000
001
010
100
000

*
000
101
010
101
000

=
000
111
000
111
000

(
001
010
010
010
001

)
100
010
010
010
100

^
010
101
101
000
000

|
010
010
010
010
010

!
010
010
010
000
010

?
011
001
010
000
010

%
100
001
010
100
001

&
010
101
010
101
110

_
000
000
000
000
111

"
000
101
000
000
000

'
000
010
000
000
000

~
000
000
000
000
000
